project_id,source
30011,"[{""paid_at"" : ""2016-04-27"", ""total"" : 1, ""total_amount"" : 10.0}]"